(13)(64)(35)(36)(34)(13)(24)(33)(46)(24)(11)(31)(56)(33)(34)(32)(64)(14)(34)(36)(34)(15)(26)(16)
(12)(55)(31)(64)(35)(36)(11)(23)(15)(33)(24)(26),(64)(32)(43)(23)(55)(26)(11)(64)(23)(13)(43)(51)(11)(31)(11)
(33)(34)(64)(13)(34)(42)(64)(13)(64)(31)(24)(26)(43)(62)(53)(16)(25)(64)(42)(34)(31)(35)(16)
(13)(34)(23)(33)(24)(26)(64)(23)(31)(34)(13)(16)(53)(24)(25)(64)(31)(24)(26)(64)(12)(36)(34)(15)(63)(14)(24)
(34)(33)(64)(52)(21)(31),(64)(26)(11)(26)(64)(12)(43)(15)(42)(34)(64)(12)(55)(64)(34)(15)(24)(33)
(42)(34)(31)(35)(11)(64)(16)(14)(34)(64)(33)(16)(64)(23)(11)(32)(16)(51)(11)(31)(11)
(24)(64)(26)(11)(26)-(42)(34)(64)(41)(42)(36)(11)(33)(33)(34)(64)(33)(11)(64)(33)(16)(14)(34)
(41)(32)(34)(42)(36)(16)(31)(24)(64)(32)(16)(41)(42)(33)(55)(16)(64)(41)(34)(12)(11)(26)(24)
(13)(64)(51)(21)(36)(33)(34)(32)(64)(46)(24)(31)(24)(33)(15)(36)(16)
(13)(64)(33)(11)(36)(63)(15)(16)(64)(41)(42)(11)(36)(24)(33)(33)(34)(32)
(13)(64)(14)(34)(36)(34)(15)(64)(33)(11)(64)(35)(36)(11)(23)(15)(33)(24)(26)
(35)(43)(42)(33)(24)(26)(64)(34)(51)(16)(33)(56)(64)(41)(35)(16)(52)(24)(31)
(35)(34)(64)(14)(34)(36)(11)(32)(64)(35)(36)(34)(12)(24)(36)(11)(31)(41)(63)
(24)(64)(43)(31)(55)(12)(11)(31)(41)(63)
(33)(34)(64)(26)(11)(32)(16)(33)(56)(64)(41)(34)(36)(13)(11)(31)(41)(63)
(13)(64)(35)(36)(34)(35)(11)(41)(42)(56)(64)(41)(64)(14)(34)(36)(33)(55)(45)(64)(13)(16)(36)(52)(24)(33)
(12)(55)(31)(64)(14)(36)(63)(23)(33)(55)(25)(64)(35)(31)(11)(53)(64)(33)(11)(64)(33)(21)(32)(64)(34)(15)(16)(42)
(46)(24)(31)(24)(33)(15)(36)(64)(51)(21)(36)(33)(55)(25)(64)(41)(32)(63)(42)(64)(13)(64)(14)(11)(36)(32)(34)(52)(26)(43)
(41)(16)(12)(16)(64)(35)(34)(15)(64)(33)(34)(14)(24)(64)(34)(33)(64)(14)(31)(63)(15)(16)(31)
(11)(64)(13)(64)(26)(43)(31)(11)(26)(16)(64)(41)(22)(24)(32)(11)(31)(64)(34)(33)(64)(32)(11)(41)(26)(43)
(33)(34)(64)(26)(42)(34)-(42)(34)(64)(26)(36)(24)(26)(33)(43)(31)(64)(13)(15)(36)(43)(14):(64)(35)(36)(24)(13)(16)(42)!
(35)(34)(13)(16)(41)(16)(31)(24)(31)(41)(63)(64)(12)(64)(42)(55)(64)(33)(16)(32)(33)(34)(22)(26)(34)
(13)(64)(42)(11)(26)(34)(25)(64)(13)(16)(41)(21)(31)(55)(25)(64)(41)(13)(16)(42)(31)(55)(25)(64)(15)(16)(33)(56)
(26)(11)(26)(64)(32)(34)(22)(33)(34)(64)(12)(55)(42)(56)(64)(42)(11)(26)(24)(32)(64)(33)(16)(41)(51)(11)(41)(42)(33)(55)(32)?
(24)(64)(35)(36)(34)(45)(34)(15)(24)(32)(16)(46)(64)(35)(34)(15)(33)(63)(31)(64)(13)(23)(14)(31)(63)(15)
(24)(64)(23)(31)(34)(12)(33)(55)(32)(64)(14)(34)(31)(34)(41)(34)(32)(64)(34)(42)(13)(16)(42)(24)(31):
(63)(64)(13)(41)(16)(45)(64)(23)(11)(32)(43)(51)(24)(42)(56)(64)(12)(55)(31)(64)(12)(55)(64)(36)(11)(15)
(24)(64)(34)(42)(64)(42)(34)(14)(34)(64)(63)(64)(42)(11)(26)(64)(33)(16)(13)(16)(41)(16)(31)
(63)(64)(13)(64)(32)(11)(41)(26)(16)(64)(36)(55)(22)(16)(25)(64)(34)(12)(16)(23)(56)(63)(33)(55)
(33)(11)(64)(35)(36)(11)(23)(15)(33)(24)(26)(64)(26)(64)(13)(11)(32)(64)(35)(34)(35)(11)(41)(42)(56)(64)(32)(16)(51)(42)(11)(31)
(26)(34)(14)(15)(11)(64)(12)(64)(33)(16)(64)(26)(11)(32)(16)(33)(56)(64)(34)(26)(11)(63)(33)(33)(55)(25)
(51)(42)(34)(64)(32)(33)(16)(64)(33)(11)(64)(14)(34)(31)(34)(13)(43)(64)(43)(35)(11)(31)